Project 002
Frequency	LAFmax [dB]	LASmax [dB]	LAFmin [dB]	LASmin [dB]	LAeq [dB]
12,5 Hz	9,66	9,66	2,42	2,42	6,49
16 Hz	11,6	11,6	3,07	3,07	7,17
20 Hz	15,1	15,1	8,95	8,95	12,3
25 Hz	16,75	16,05	9,27	10,51	13,06
31,5 Hz	22,81	21,8	14,3	15,6	18,71
40 Hz	35,04	34,31	26,96	28,52	31,99
50 Hz	36,64	34,56	28,68	30,47	32,34
63 Hz	52,26	49,26	40,67	43,53	46,6
80 Hz	56,82	54,35	47,18	49,09	50,97
100 Hz	56,33	52,91	44,7	47,88	50,61
125 Hz	58,88	55,84	49,19	52,37	54
160 Hz	69,31	66,06	60,46	63,31	64,72
200 Hz	68,52	66,07	60,47	63,8	64,97
250 Hz	74,37	72,56	67,43	69,97	71,4
315 Hz	78,82	76,77	72,87	74,83	75,83
400 Hz	76,99	74,78	71,29	73,3	74,03
500 Hz	84,09	80,73	75,79	78,49	79,5
630 Hz	80,02	78,1	74,58	76,49	77,28
800 Hz	82,48	81,18	77,91	79,77	80,44
1 kHz	80,27	78,8	76,21	77,6	78,22
1,25 kHz	80,87	79,19	76,67	77,84	78,59
1,6 kHz	81,88	80,59	77,97	79,28	79,79
2 kHz	84,26	82,9	80,59	81,47	82,23
2,5 kHz	83,09	82,09	80,3	81,26	81,66
3,15 kHz	84	83,29	81,21	82,2	82,59
4 kHz	84,02	83,34	81,84	82,53	82,91
5 kHz	78,61	77,85	76,27	77,01	77,46
6,3 kHz	77,16	76,5	74,59	75,47	76,05
8 kHz	65,52	65,08	63,88	64,53	64,81
10 kHz	62,46	61,84	60,62	61,18	61,53
12,5 kHz	54,18	53,48	52,4	52,85	53,2
16 kHz	32,8	32,36	31,57	31,89	32,15
20 kHz	24,91	24,12	19,33	21,72	23,43
A	91,98	91,45	90,77	91,1	91,31
C	93,24	92,42	91,43	91,89	92,15