Project 001
Frequency	LAFmax [dB]	LASmax [dB]	LAFmin [dB]	LASmin [dB]	LAeq [dB]
12,5 Hz	10,37	10,37	-17,38	-17,38	-0,73
16 Hz	13,05	13,05	-4,17	-4,17	2,96
20 Hz	22,12	22,12	5,11	5,11	12,3
25 Hz	35,99	34,05	7,19	8,45	21,76
31,5 Hz	28,02	26,22	16,91	18,22	21,44
40 Hz	40,11	39,49	32,93	34,44	37,21
50 Hz	43,76	41,98	33,57	37,3	39,89
63 Hz	53,15	50,24	40,86	44,12	46,86
80 Hz	46,76	44,51	35,74	40,08	42,49
100 Hz	46,2	43,17	35,33	40,16	41,67
125 Hz	58,65	55,79	47,33	51,68	53,53
160 Hz	58,83	55,91	50,4	52,66	54,32
200 Hz	66,54	63,13	58,19	60,75	61,95
250 Hz	72,54	70,14	65,77	67,72	68,86
315 Hz	76,21	73,55	68,24	70,77	72,13
400 Hz	74,6	72,63	68,12	70,16	71,49
500 Hz	76,23	74,5	70,71	71,4	73,59
630 Hz	80,58	78,5	75,63	77,1	77,78
800 Hz	80,79	79,61	76,56	78,15	78,86
1 kHz	78,8	77,38	74,55	75,99	76,75
1,25 kHz	81,43	79,88	77,8	78,85	79,43
1,6 kHz	80,41	79,26	76,32	78,01	78,63
2 kHz	80,99	79,93	77,49	78,97	79,5
2,5 kHz	80,69	79,68	77,25	78,25	79
3,15 kHz	82,67	81,73	79,88	80,77	81,26
4 kHz	83,83	82,86	80,8	81,63	82,32
5 kHz	77,87	77,18	75,88	76,4	76,81
6,3 kHz	78,11	77,3	75,78	76,54	76,94
8 kHz	64,64	64,17	63,18	63,51	63,85
10 kHz	61,54	60,83	59,84	60,29	60,6
12,5 kHz	52,91	52,3	51,11	51,58	51,93
16 kHz	33,62	32,09	30,77	30,96	31,32
20 kHz	28,95	23,57	17,89	18,19	19,5
A	90,47	90,12	89,4	89,52	89,9
C	91,01	90,51	89,58	89,72	90,18