Project 004
Frequency	LAFmax [dB]	LASmax [dB]	LAFmin [dB]	LASmin [dB]	LAeq [dB]
12,5 Hz	7,51	7,51	7,23	7,23	7,47
16 Hz	11,72	11,72	5,72	5,72	7,68
20 Hz	10,59	10,59	5,92	5,92	8,4
25 Hz	15,34	14,15	7,71	9,39	11,96
31,5 Hz	21,2	19,95	13,33	14,08	16,82
40 Hz	35,86	34,87	26,61	28,68	32,57
50 Hz	44,21	41,76	34,67	37,14	39,72
63 Hz	51,21	48,55	41,95	43,68	46,14
80 Hz	50,75	47,4	40,2	42,51	45,06
100 Hz	53,21	48,26	41,3	44,67	46,62
125 Hz	64,67	61,09	54,21	57,74	59,49
160 Hz	71,79	68,25	60,81	64,79	66,42
200 Hz	74,09	70,95	64,86	68,02	69,19
250 Hz	77,46	74,8	70,07	72,72	73,83
315 Hz	83,24	80	73,86	76,17	78,07
400 Hz	83,84	81,24	76,55	78,68	80,15
500 Hz	84,27	82,13	78,13	80,14	81,22
630 Hz	84,01	82,37	79,42	80,84	81,62
800 Hz	84,9	83,09	79,08	81,23	82,05
1 kHz	84,89	83,56	80,01	81,88	82,54
1,25 kHz	87,44	86,03	83,54	84,73	85,32
1,6 kHz	87,43	86,07	83,79	84,75	85,42
2 kHz	87,21	86	83,46	84,55	85,31
2,5 kHz	86,27	85,32	83,32	84,15	84,82
3,15 kHz	86,45	85,74	83,81	84,56	85,24
4 kHz	87,95	87,24	85,65	86,27	86,84
5 kHz	81,79	80,99	79,93	80,43	80,69
6,3 kHz	81,14	80,52	78,99	79,75	80,18
8 kHz	68,46	67,71	66,67	67,17	67,5
10 kHz	63,68	63,08	62,16	62,41	62,83
12,5 kHz	58,82	55,51	53,25	53,8	54,14
16 kHz	54,85	52,01	32,85	33,18	36,32
20 kHz	51,21	50,22	24,53	24,78	30,49
A	95,64	95,23	94,54	94,84	95,04
C	96,34	95,79	94,87	95,31	95,62