Project 003
Frequency	LAFmax [dB]	LASmax [dB]	LAFmin [dB]	LASmin [dB]	LAeq [dB]
12,5 Hz	6,65	6,65	-6,03	-6,03	0,97
16 Hz	6,57	6,57	-4,7	-4,7	1,56
20 Hz	11,78	11,78	5,15	5,15	8,73
25 Hz	13,17	11,83	1,47	3,12	7,53
31,5 Hz	23,23	22,29	15,66	16,64	19,53
40 Hz	42,42	41,11	33,28	34,55	37,08
50 Hz	48,5	46,83	37,89	42,07	44,63
63 Hz	52,1	49,49	40,86	44,24	47,36
80 Hz	52,77	50,38	42,21	45,68	48
100 Hz	53,2	50,22	43,86	47,28	48,83
125 Hz	59,89	56,05	49,53	52,44	53,94
160 Hz	65,93	63,15	57,57	60,7	61,92
200 Hz	68,6	66,15	61,01	63,79	65
250 Hz	73,74	71,68	66,69	69,43	70,5
315 Hz	77,71	76,09	71,7	74,03	75,02
400 Hz	76,54	75,03	71,95	73,57	74,33
500 Hz	81,29	79,01	75,02	76,93	78,04
630 Hz	77,37	75,52	72,42	73,68	74,62
800 Hz	80,98	79,57	76,68	78,27	78,82
1 kHz	79,61	78,05	75,62	76,89	77,45
1,25 kHz	80,61	79,2	77,01	78,13	78,82
1,6 kHz	80,38	78,9	76,88	77,96	78,45
2 kHz	81,12	79,88	78,01	78,93	79,29
2,5 kHz	81,73	80,53	78,46	79,55	80,02
3,15 kHz	82,49	81,62	80,05	80,79	81,2
4 kHz	83,04	82,39	80,45	81,38	81,87
5 kHz	78,86	77,77	76,4	76,97	77,34
6,3 kHz	78,18	77,45	75,97	76,47	76,98
8 kHz	65,73	65,27	64,29	64,73	64,99
10 kHz	62,6	62,05	61,06	61,44	61,77
12,5 kHz	54,09	53,56	52,61	52,99	53,31
16 kHz	32,97	32,62	32	32,17	32,47
20 kHz	24,19	22,18	18,5	19,14	20,73
A	90,65	90,25	89,64	89,72	90,09
C	91,93	91,34	90,26	90,66	91,12