Project 007
Frequency	LAFmax [dB]	LASmax [dB]	LAFmin [dB]	LASmin [dB]	LAeq [dB]
12,5 Hz	8	8	7,24	7,24	7,51
16 Hz	8,18	8,18	-2,98	-2,98	6,05
20 Hz	11,12	11,12	6	6	8,31
25 Hz	16,26	15,19	9,07	10,24	12,57
31,5 Hz	20,23	19,36	13,07	14,21	17
40 Hz	37,61	36,66	28,4	30	33,3
50 Hz	44,55	42,41	34,3	37,68	40,02
63 Hz	50,26	48,11	40,22	43,1	45,8
80 Hz	48,88	47,26	39,33	42,85	45,02
100 Hz	51,26	48,69	42,17	45,4	46,84
125 Hz	63,48	60,88	53,93	57,53	59,28
160 Hz	71,69	68,42	60,23	64,1	66,18
200 Hz	73,14	70,65	65,12	68,15	69,45
250 Hz	78,09	75,92	71,32	72,82	74,63
315 Hz	81,14	78,42	74,07	75,24	77,48
400 Hz	84,15	81,92	76,86	78,96	80,24
500 Hz	84,49	82,42	78,18	79,88	80,83
630 Hz	84,44	82,82	79,58	81,35	82,12
800 Hz	84,8	83,58	80,45	82,26	82,92
1 kHz	85,79	83,81	80,82	82,02	82,85
1,25 kHz	87,08	86,09	83,95	85,08	85,56
1,6 kHz	87,7	86,63	84,32	85,19	86,08
2 kHz	87,33	85,84	83,41	84,73	85,26
2,5 kHz	85,33	84,5	82,29	83,48	84,06
3,15 kHz	86,66	85,91	84,39	85,04	85,51
4 kHz	88,29	87,42	85,56	86,35	86,95
5 kHz	81,63	80,91	79,65	80,24	80,63
6,3 kHz	81,39	80,73	79,43	79,76	80,38
8 kHz	68,34	67,71	66,74	67,19	67,49
10 kHz	63,9	63,2	62,1	62,59	62,87
12,5 kHz	54,78	54,23	53,16	53,62	54,03
16 kHz	33,66	33,33	32,75	32,91	33,21
20 kHz	25,24	24,94	24,62	24,59	24,86
A	95,96	95,47	94,61	94,94	95,2
C	96,52	96	94,91	95,42	95,75