Project 005
Frequency	LAFmax [dB]	LASmax [dB]	LAFmin [dB]	LASmin [dB]	LAeq [dB]
12,5 Hz	7,51	7,51	7,25	7,25	7,47
16 Hz	10,05	10,05	-2,44	-2,44	6,55
20 Hz	10,66	10,66	4,55	4,55	7,79
25 Hz	16,17	15,14	9,15	10,17	12,31
31,5 Hz	19,92	19,1	14,13	14,78	16,93
40 Hz	37,47	36,63	28,49	30,17	33,37
50 Hz	43,85	41,84	34,07	37,63	39,72
63 Hz	49,09	47,43	39,97	43,13	45,56
80 Hz	48,82	47,19	39,42	42,91	44,96
100 Hz	51,19	48,69	41,89	45,04	46,78
125 Hz	64,04	61,04	54,87	57,97	59,43
160 Hz	71,8	68,44	60,73	64,15	66,31
200 Hz	73,35	70,46	64,69	67,74	69,09
250 Hz	76,76	74,83	70,63	72,87	73,74
315 Hz	82,15	79,42	74,07	76,66	78,25
400 Hz	84,93	82,28	77,01	78,62	80,49
500 Hz	83,73	81,88	78,57	80,29	81,05
630 Hz	85,03	83,2	79,51	81,01	82,01
800 Hz	85,32	83,26	79,69	81,73	82,36
1 kHz	85,44	83,51	80,47	81,88	82,66
1,25 kHz	87,16	85,86	83,36	84,81	85,27
1,6 kHz	87,47	86,24	84,04	85,22	85,78
2 kHz	86,5	85,28	83,29	84,24	84,83
2,5 kHz	85,92	84,88	83,21	84,13	84,5
3,15 kHz	86,77	85,88	84,33	85,24	85,56
4 kHz	88,41	87,23	85,81	86,56	86,88
5 kHz	81,62	81	79,8	80,38	80,75
6,3 kHz	81,26	80,65	78,98	79,93	80,37
8 kHz	68,18	67,77	66,92	67,26	67,57
10 kHz	63,52	63,11	62,15	62,55	62,85
12,5 kHz	54,91	54,3	53,25	53,61	54,08
16 kHz	33,62	33,4	32,83	32,93	33,23
20 kHz	25,22	24,95	24,56	24,56	24,86
A	95,7	95,31	94,56	94,91	95,1
C	96,49	95,97	94,99	95,47	95,7