B_med_017
Frequency	LZFmax [dB]	LZSmax [dB]	LZFmin [dB]	LZSmin [dB]	LZeq [dB]
12,5 Hz	41,4	41,4	17,01	17,01	27,62
16 Hz	49,42	49,42	17,94	17,94	35,69
20 Hz	38,56	38,56	25,42	25,42	29,81
25 Hz	35,36	33,71	25,9	27,12	31,2
31,5 Hz	37,65	36,31	25,16	26,23	31,52
40 Hz	45,47	44,35	33,83	35,19	39,01
50 Hz	47,54	46,15	35,5	39,08	42,01
63 Hz	45,56	42,69	34,37	37,98	41,09
80 Hz	34,83	31,19	23,33	27,17	28,92
100 Hz	34,14	31,15	22,81	27,68	29,43
125 Hz	51,67	47,54	37,63	42,18	44,68
160 Hz	42,81	40,21	34,82	37,61	38,9
200 Hz	47,96	45,26	39,32	42,35	43,81
250 Hz	46,14	43,9	39,44	41,71	42,77
315 Hz	54,74	51,46	45,66	48,06	49,42
400 Hz	54,67	52,19	46,8	49,69	50,98
500 Hz	50,45	48,87	44,48	45,94	47,75
630 Hz	53,4	48,57	42,12	43,53	45,22
800 Hz	51,25	46,92	39,64	41,33	42,48
1 kHz	47,46	45,67	41,88	43,09	43,95
1,25 kHz	50,33	49,08	46,68	47,49	48,44
1,6 kHz	47,56	46,15	43,33	44,54	45,55
2 kHz	46,35	44,28	41,47	42,19	42,93
2,5 kHz	47,04	45,27	42,73	43,69	44,24
3,15 kHz	46,14	44,42	42,26	42,86	43,32
4 kHz	45,5	43,69	41,89	42,26	43,06
5 kHz	41	38,61	36,38	36,75	37,45
6,3 kHz	37,6	34,73	31,35	31,78	32,83
8 kHz	33,85	29,81	17,48	18,14	21,88
10 kHz	32,04	28,13	15,9	16,36	20,08
12,5 kHz	28,69	24,85	13,15	13,43	17,04
16 kHz	27,91	23,6	13,24	13,54	16,24
20 kHz	25,88	21,75	15,75	16,03	17,02
A	58,78	57,07	55,19	55,51	56,03
Z	61,08	59,15	57,17	57,72	58,34