B_med_012
Frequency	LZFmax [dB]	LZSmax [dB]	LZFmin [dB]	LZSmin [dB]	LZeq [dB]
12,5 Hz	49,8	49,8	26,18	26,18	37,88
16 Hz	49,12	49,12	31,32	31,32	37,39
20 Hz	47,92	47,92	34,6	34,6	39,43
25 Hz	56,8	54,99	31,1	32,17	43,26
31,5 Hz	46,9	45,2	34,64	35,6	39,97
40 Hz	53,99	52,73	46,21	47,31	50,29
50 Hz	54,08	52,26	42,49	46,22	49,74
63 Hz	60,67	57,9	48,64	51,73	54,66
80 Hz	49,5	47,42	39,31	42,51	45,47
100 Hz	47,4	44,05	37,48	41,29	42,82
125 Hz	58,97	54,99	44,85	50,21	52,23
160 Hz	54,77	51,47	45,19	48,09	49,46
200 Hz	61,55	57,81	49,79	53,87	55,89
250 Hz	65,64	62,44	57,01	59,42	61,05
315 Hz	65,3	62,22	57,71	60,28	61,27
400 Hz	64,44	60,51	56,25	58,48	59,74
500 Hz	63,74	61,85	57,75	59,62	60,78
630 Hz	61,25	59,72	55,21	56,98	58,69
800 Hz	59,32	58,03	55,01	56,13	57,2
1 kHz	62,48	61,02	58,12	58,76	60,26
1,25 kHz	65,65	64,47	62,4	63,32	63,78
1,6 kHz	65,43	64,33	62,07	63	63,63
2 kHz	64,44	63,45	61,25	62,14	62,82
2,5 kHz	64,74	63,85	61,92	62,6	63,21
3,15 kHz	64,32	63,54	61,57	62,3	62,82
4 kHz	64,19	63,57	61,77	62,23	62,9
5 kHz	58,52	57,95	56,75	57,3	57,62
6,3 kHz	57,01	56,12	54,64	54,77	55,72
8 kHz	42,92	42,11	41,05	41,07	41,77
10 kHz	38,41	37,59	36,55	36,68	37,31
12,5 kHz	32,41	30,87	28,77	29,07	29,58
16 kHz	29,08	24,95	14,34	14,33	16,79
20 kHz	27,33	23,34	15,82	15,75	17,18
A	73,78	73,25	72,51	72,65	73,07
Z	86,26	81,42	72,79	72,9	74,33