B_med_015
Frequency	LZFmax [dB]	LZSmax [dB]	LZFmin [dB]	LZSmin [dB]	LZeq [dB]
12,5 Hz	45,23	45,23	20,61	20,61	33,37
16 Hz	54,09	54,09	25,57	25,57	41,85
20 Hz	44,31	44,31	31,54	31,54	36,35
25 Hz	39,27	37,89	24,28	25,76	30,27
31,5 Hz	42,41	40,09	24,03	25,07	29,96
40 Hz	49,02	46,87	34,25	36,52	40,78
50 Hz	46,83	44,98	37,2	40,43	42,61
63 Hz	44,75	40,98	34	36,2	38,23
80 Hz	36,78	32,75	22,79	25,25	27,54
100 Hz	48,28	41,04	25,72	29,2	33,09
125 Hz	47,7	44,01	37,32	40	42,25
160 Hz	48,41	45,69	38,72	41,9	43,4
200 Hz	49,07	46,34	39,53	43,31	44,76
250 Hz	51,21	46,3	38,49	40,54	42,43
315 Hz	54,18	51,02	45,5	47,79	49,45
400 Hz	55,16	52,9	48,88	50,86	51,79
500 Hz	52,49	50,31	45,9	48,04	49,04
630 Hz	51,98	48,5	43,12	44,87	46,17
800 Hz	50,29	46,38	40,03	41,64	42,98
1 kHz	48,01	45,84	41,97	43,39	44,04
1,25 kHz	49,74	47,8	45,5	46,48	47,14
1,6 kHz	50,61	47,16	43,17	44,12	45,12
2 kHz	46,38	43,47	40,85	42,02	42,69
2,5 kHz	47,48	45,08	42,49	43,47	44,21
3,15 kHz	46,17	44,44	41,9	43,3	43,8
4 kHz	45,71	43,8	41,31	42,59	43,15
5 kHz	42,74	39,65	36,56	37,16	37,85
6,3 kHz	40,53	36,68	31,54	33,1	33,83
8 kHz	37,46	31,54	17,47	19,13	22,73
10 kHz	33,55	27,69	15,22	17,24	19,9
12,5 kHz	33,3	26,88	13,3	13,6	17,96
16 kHz	33,77	27,06	13,22	13,53	18,01
20 kHz	30,81	24,58	15,78	16,09	17,84
A	59,24	57,33	54,58	55,67	56,06
Z	64,03	61,16	56,91	58,16	58,83