B_med_016
Frequency	LZFmax [dB]	LZSmax [dB]	LZFmin [dB]	LZSmin [dB]	LZeq [dB]
12,5 Hz	45,14	45,14	15,36	15,36	22,49
16 Hz	50,5	50,5	19,36	19,36	26,62
20 Hz	41,55	41,55	25,83	25,83	30,56
25 Hz	39,25	37,65	24,21	26,54	30,71
31,5 Hz	36,03	35,14	24,86	25,76	30,82
40 Hz	42,39	41,21	33,02	34,09	38,12
50 Hz	45,85	44,01	36,86	38,67	41,34
63 Hz	40,76	38,25	30,78	33,7	35,43
80 Hz	41,64	37,83	26,54	28,9	32,01
100 Hz	46,42	40,56	25,99	31,72	33,97
125 Hz	50,79	47,69	38,84	44,02	45,74
160 Hz	47,3	44,55	35,98	39,85	41,63
200 Hz	49,75	46,26	39,59	43,19	44,81
250 Hz	48,56	45,74	39,67	41,74	43,56
315 Hz	51,93	49,83	45,05	47,12	48,5
400 Hz	53,99	51,7	46,22	48,83	50,08
500 Hz	53,81	49,94	45,17	46,9	48,05
630 Hz	48,54	46,73	43,34	44,57	45,63
800 Hz	53,7	47,88	38,94	40,69	42,48
1 kHz	51,1	46,5	41,44	42,66	43,42
1,25 kHz	49,82	48,75	46,06	47,24	47,83
1,6 kHz	47,6	46,54	43,98	45	45,76
2 kHz	45,65	43,32	40,77	41,77	42,31
2,5 kHz	45,89	44,62	42,24	43,54	43,98
3,15 kHz	49,7	46,53	41,65	43,1	43,69
4 kHz	48,47	45,81	41,65	42,59	43,2
5 kHz	47,57	42,46	35,84	36,89	37,79
6,3 kHz	41,16	37,18	31,81	32,79	33,46
8 kHz	37,37	31,39	17,11	18,18	22,32
10 kHz	37,02	30,67	14,64	16,26	21,13
12,5 kHz	29,57	25,23	12,97	13,44	17,63
16 kHz	28,3	23,31	13,28	13,56	16,4
20 kHz	26,55	21,57	15,8	15,93	17,11
A	59,21	57,12	54,46	55,37	55,81
Z	60,94	59,53	56,62	57,68	58,08