B_med_013
Frequency	LZFmax [dB]	LZSmax [dB]	LZFmin [dB]	LZSmin [dB]	LZeq [dB]
12,5 Hz	51,58	51,58	24,48	24,48	37,47
16 Hz	51,5	51,5	31,05	31,05	39,65
20 Hz	45,95	45,95	37,2	37,2	40,09
25 Hz	42,22	41,1	31,18	32,65	35,97
31,5 Hz	42,28	41,36	35,01	36,35	38,74
40 Hz	54,93	53,77	45,33	46,23	49,88
50 Hz	52,7	50,59	42,67	45,29	47,95
63 Hz	57,51	54,32	43,33	47,29	50,92
80 Hz	43,4	41,85	36,23	38,67	40,14
100 Hz	52,96	48,25	40,1	44,34	46,31
125 Hz	59,22	56,45	48,71	52,25	54,37
160 Hz	57,52	53,93	46,95	50,25	51,98
200 Hz	57,9	55,6	47,96	51,33	53,43
250 Hz	64,21	62,12	56,02	59,35	60,69
315 Hz	67,08	64,63	58,65	61,65	62,82
400 Hz	62,15	60,23	55,82	57,96	58,82
500 Hz	63,48	60,52	54,96	57,91	59,16
630 Hz	59,93	58,19	54,4	56,13	57,33
800 Hz	60,12	57,62	54,05	55,92	56,86
1 kHz	61,58	60,17	57	58,17	59,12
1,25 kHz	64,13	62,78	59,99	60,68	61,84
1,6 kHz	62,26	61,26	59,03	60,03	60,65
2 kHz	61,4	60,36	58,45	59,27	59,87
2,5 kHz	63,06	61,96	59,95	60,92	61,6
3,15 kHz	63,23	62,43	60,34	61,21	61,67
4 kHz	62,98	62,23	60,37	61,06	61,79
5 kHz	58,11	57,36	55,99	56,19	57,04
6,3 kHz	55,09	54,5	52,89	53,65	54,19
8 kHz	41,46	40,87	40,04	40,18	40,69
10 kHz	37,87	37,38	36,29	36,64	37,14
12,5 kHz	30,31	29,59	28,58	28,93	29,31
16 kHz	21,17	17,1	14,35	14,66	14,97
20 kHz	20,2	17,36	15,89	15,94	16,3
A	72,08	71,7	70,76	70,89	71,42
Z	74,1	72,71	71,35	71,47	72,18