B_med_014
Frequency	LZFmax [dB]	LZSmax [dB]	LZFmin [dB]	LZSmin [dB]	LZeq [dB]
12,5 Hz	42,84	42,84	24,04	24,04	31,91
16 Hz	48,3	48,3	31,52	31,52	38,42
20 Hz	44,57	44,57	33,72	33,72	39,95
25 Hz	42,79	40,78	30,53	31,71	34,94
31,5 Hz	43,19	41,17	32,64	33,61	37,22
40 Hz	56,98	56,28	48,78	50,38	53,55
50 Hz	57,56	55,96	46,81	50,78	53,39
63 Hz	52,23	49,47	41,87	44,22	47,47
80 Hz	47,82	45,46	35,33	37,86	41
100 Hz	49,78	46,66	39,28	43,6	44,98
125 Hz	63,14	59,19	51,28	55,82	57,41
160 Hz	59,14	56,87	50,1	53,46	55
200 Hz	61,56	58,92	52,31	55,17	57,24
250 Hz	65,9	62,66	56,3	58,6	60,54
315 Hz	67,3	64,72	57,83	60,69	62,53
400 Hz	63,3	61,69	56,16	57,49	60,08
500 Hz	61,77	59,92	55,92	57,75	58,79
630 Hz	62,36	60,22	56,6	58,44	59,3
800 Hz	59,33	57,86	54,38	55,71	56,9
1 kHz	61,57	60,16	57,03	58,45	59,26
1,25 kHz	64,77	63,73	61,56	62,55	63,14
1,6 kHz	64,37	63,17	60,61	61,98	62,59
2 kHz	63,37	62,43	60,15	61,06	61,78
2,5 kHz	64,45	63,6	61,86	62,39	63,17
3,15 kHz	64,28	63,4	61,79	62,47	63,05
4 kHz	65,16	64,32	62,76	63,17	63,78
5 kHz	59,9	59,09	57,03	57,58	58,73
6,3 kHz	57,5	56,95	55,26	55,93	56,39
8 kHz	43,92	43,28	42,39	42,35	42,99
10 kHz	40,22	39,39	38,15	38,67	39,12
12,5 kHz	35,13	32,53	30,57	30,69	31,34
16 kHz	32,3	25,86	14,93	15,23	18,27
20 kHz	30,67	24,14	15,82	16,15	17,85
A	73,56	73,17	72,24	72,29	72,89
Z	74,64	73,82	72,69	72,85	73,45